return model =
  name: 'Carbonaria'
  level: 6
  model: 12
  size: 1.5
  specs:
    shield:
      capacity: [200,375]
      reload: [6.75,8.75]
    generator:
      capacity: [230,370]
      reload: [110,140]
    ship:
      mass: 395
      speed: [70,85]
      rotation: [50,70]
      acceleration: [85,105]
  tori:
    circle1:
      segments: 20
      radius: 95
      section_segments: 12
      offset:
        x: 0
        y: 0
        z: 0
      position:
        x: [0,0,0,0,0,0,0,0,0,0,0,0,0,0,0,0,0,0,0,0,0]
        y: [0,0,0,0,0,0,0,0,0,0,0,0,0,0,0,0,0,0,0,0,0]
        z: [0,0,0,0,0,0,0,0,0,0,0,0,0,0,0,0,0,0,0,0,0]
      width: [20,20,20,20,20,20,20,20,20,20,20,20,20,20,20,20,20,20,20,20,20]
      height: [8,8,8,8,8,8,8,8,8,8,8,8,8,8,8,8,8,8,8,8,8]
      texture: [63,63,1,10,1,1,10,1,63,63,63,63,1,10,1,1,10,1,63]
    circle2:
      segments: 20
      radius: 95
      section_segments: 12
      offset:
        x: -8
        y: 30
        z: 0
      position:
        x: [0,0,0,0,0,0,0,0,0,0,0,0,0,0,0,0,0,0,0,0,0]
        y: [0,0,0,0,0,0,0,0,0,0,0,0,0,0,0,0,0,0,0,0,0]
        z: [0,0,0,0,0,0,0,0,0,0,0,0,0,0,0,0,0,0,0,0,0]
      width: [20,20,20,20,20,20,20,20,20,20,20,20,20,20,20,20,20,20,20,20,20]
      height: [8,8,8,8,8,8,8,8,8,8,8,8,8,8,8,8,8,8,8,8,8]
      texture: [63,63,1,10,1,1,10,1,63,63,63,63,1,10,1,1,10,1,63]
    circle3:
      segments: 20
      radius: 95
      section_segments: 12
      offset:
        x: -18
        y: 60
        z: 0
      position:
        x: [0,0,0,0,0,0,0,0,0,0,0,0,0,0,0,0,0,0,0,0,0]
        y: [0,0,0,0,0,0,0,0,0,0,0,0,0,0,0,0,0,0,0,0,0]
        z: [0,0,0,0,0,0,0,0,0,0,0,0,0,0,0,0,0,0,0,0,0]
      width: [20,20,20,20,20,20,20,20,20,20,20,20,20,20,20,20,20,20,20,20,20]
      height: [8,8,8,8,8,8,8,8,8,8,8,8,8,8,8,8,8,8,8,8,8]
      texture: [63,63,1,10,1,1,10,1,63,63,63,63,1,10,1,1,10,1,63]
    circle4:
      segments: 20
      radius: 95
      section_segments: 12
      offset:
        x: -28
        y: 90
        z: 0
      position:
        x: [0,0,0,0,0,0,0,0,0,0,0,0,0,0,0,0,0,0,0,0,0]
        y: [0,0,0,0,0,0,0,0,0,0,0,0,0,0,0,0,0,0,0,0,0]
        z: [0,0,0,0,0,0,0,0,0,0,0,0,0,0,0,0,0,0,0,0,0]
      width: [20,20,20,20,20,20,20,20,20,20,20,20,20,20,20,20,20,20,20,20,20]
      height: [8,8,8,8,8,8,8,8,8,8,8,8,8,8,8,8,8,8,8,8,8]
      texture: [63,63,1,10,1,1,10,1,63,63,63,63,1,10,1,1,10,1,63]
    circle5:
      segments: 20
      radius: 95
      section_segments: 12
      offset:
        x: -38
        y: 120
        z: 0
      position:
        x: [0,0,0,0,0,0,0,0,0,0,0,0,0,0,0,0,0,0,0,0,0]
        y: [0,0,0,0,0,0,0,0,0,0,0,0,0,0,0,0,0,0,0,0,0]
        z: [0,0,0,0,0,0,0,0,0,0,0,0,0,0,0,0,0,0,0,0,0]
      width: [20,20,20,20,20,20,20,20,20,20,20,20,20,20,20,20,20,20,20,20,20]
      height: [8,8,8,8,8,8,8,8,8,8,8,8,8,8,8,8,8,8,8,8,8]
      texture: [63,63,1,10,1,1,10,1,63,63,63,63,1,10,1,1,10,1,63]
    circle6:
      segments: 20
      radius: 95
      section_segments: 12
      offset:
        x: -48
        y: 150
        z: 0
      position:
        x: [0,0,0,0,0,0,0,0,0,0,0,0,0,0,0,0,0,0,0,0,0]
        y: [0,0,0,0,0,0,0,0,0,0,0,0,0,0,0,0,0,0,0,0,0]
        z: [0,0,0,0,0,0,0,0,0,0,0,0,0,0,0,0,0,0,0,0,0]
      width: [20,20,20,20,20,20,20,20,20,20,20,20,20,20,20,20,20,20,20,20,20]
      height: [8,8,8,8,8,8,8,8,8,8,8,8,8,8,8,8,8,8,8,8,8]
      texture: [63,63,1,10,1,1,10,1,63,63,63,63,1,10,1,1,10,1,63]
    circle7:
      segments: 20
      radius: 95
      section_segments: 12
      offset:
        x: -58
        y: 180
        z: 0
      position:
        x: [0,0,0,0,0,0,0,0,0,0,0,0,0,0,0,0,0,0,0,0,0]
        y: [0,0,0,0,0,0,0,0,0,0,0,0,0,0,0,0,0,0,0,0,0]
        z: [0,0,0,0,0,0,0,0,0,0,0,0,0,0,0,0,0,0,0,0,0]
      width: [20,20,20,20,20,20,20,20,20,20,20,20,20,20,20,20,20,20,20,20,20]
      height: [8,8,8,8,8,8,8,8,8,8,8,8,8,8,8,8,8,8,8,8,8]
      texture: [63,63,1,10,1,1,10,1,63,63,63,63,1,10,1,1,10,1,63]
    circle8:
      segments: 20
      radius: 95
      section_segments: 12
      offset:
        x: -68
        y: 210
        z: 0
      position:
        x: [0,0,0,0,0,0,0,0,0,0,0,0,0,0,0,0,0,0,0,0,0]
        y: [0,0,0,0,0,0,0,0,0,0,0,0,0,0,0,0,0,0,0,0,0]
        z: [0,0,0,0,0,0,0,0,0,0,0,0,0,0,0,0,0,0,0,0,0]
      width: [20,20,20,20,20,20,20,20,20,20,20,20,20,20,20,20,20,20,20,20,20]
      height: [8,8,8,8,8,8,8,8,8,8,8,8,8,8,8,8,8,8,8,8,8]
      texture: [63,63,1,10,1,1,10,1,63,63,63,63,1,10,1,1,10,1,63]
    circle9:
      segments: 20
      radius: 95
      section_segments: 12
      offset:
        x: -78
        y: 240
        z: 0
      position:
        x: [0,0,0,0,0,0,0,0,0,0,0,0,0,0,0,0,0,0,0,0,0]
        y: [0,0,0,0,0,0,0,0,0,0,0,0,0,0,0,0,0,0,0,0,0]
        z: [0,0,0,0,0,0,0,0,0,0,0,0,0,0,0,0,0,0,0,0,0]
      width: [20,20,20,20,20,20,20,20,20,20,20,20,20,20,20,20,20,20,20,20,20]
      height: [8,8,8,8,8,8,8,8,8,8,8,8,8,8,8,8,8,8,8,8,8]
      texture: [63,63,1,10,1,1,10,1,63,63,63,63,1,10,1,1,10,1,63]
    circle10:
      segments: 20
      radius: 95
      section_segments: 12
      offset:
        x: -8
        y: -30
        z: 0
      position:
        x: [0,0,0,0,0,0,0,0,0,0,0,0,0,0,0,0,0,0,0,0,0]
        y: [0,0,0,0,0,0,0,0,0,0,0,0,0,0,0,0,0,0,0,0,0]
        z: [0,0,0,0,0,0,0,0,0,0,0,0,0,0,0,0,0,0,0,0,0]
      width: [20,20,20,20,20,20,20,20,20,20,20,20,20,20,20,20,20,20,20,20,20]
      height: [8,8,8,8,8,8,8,8,8,8,8,8,8,8,8,8,8,8,8,8,8]
      texture: [63,63,1,10,1,1,10,1,63,63,63,63,1,10,1,1,10,1,63]
    circle11:
      segments: 20
      radius: 95
      section_segments: 12
      offset:
        x: -18
        y: -60
        z: 0
      position:
        x: [0,0,0,0,0,0,0,0,0,0,0,0,0,0,0,0,0,0,0,0,0]
        y: [0,0,0,0,0,0,0,0,0,0,0,0,0,0,0,0,0,0,0,0,0]
        z: [0,0,0,0,0,0,0,0,0,0,0,0,0,0,0,0,0,0,0,0,0]
      width: [20,20,20,20,20,20,20,20,20,20,20,20,20,20,20,20,20,20,20,20,20]
      height: [8,8,8,8,8,8,8,8,8,8,8,8,8,8,8,8,8,8,8,8,8]
      texture: [63,63,1,10,1,1,10,1,63,63,63,63,1,10,1,1,10,1,63]
    circle12:
      segments: 20
      radius: 95
      section_segments: 12
      offset:
        x: -28
        y: -90
        z: 0
      position:
        x: [0,0,0,0,0,0,0,0,0,0,0,0,0,0,0,0,0,0,0,0,0]
        y: [0,0,0,0,0,0,0,0,0,0,0,0,0,0,0,0,0,0,0,0,0]
        z: [0,0,0,0,0,0,0,0,0,0,0,0,0,0,0,0,0,0,0,0,0]
      width: [20,20,20,20,20,20,20,20,20,20,20,20,20,20,20,20,20,20,20,20,20]
      height: [8,8,8,8,8,8,8,8,8,8,8,8,8,8,8,8,8,8,8,8,8]
      texture: [63,63,1,10,1,1,10,1,63,63,63,63,1,10,1,1,10,1,63]
    circle13:
      segments: 20
      radius: 95
      section_segments: 12
      offset:
        x: -38
        y: -120
        z: 0
      position:
        x: [0,0,0,0,0,0,0,0,0,0,0,0,0,0,0,0,0,0,0,0,0]
        y: [0,0,0,0,0,0,0,0,0,0,0,0,0,0,0,0,0,0,0,0,0]
        z: [0,0,0,0,0,0,0,0,0,0,0,0,0,0,0,0,0,0,0,0,0]
      width: [20,20,20,20,20,20,20,20,20,20,20,20,20,20,20,20,20,20,20,20,20]
      height: [8,8,8,8,8,8,8,8,8,8,8,8,8,8,8,8,8,8,8,8,8]
      texture: [63,63,1,10,1,1,10,1,63,63,63,63,1,10,1,1,10,1,63]
    circle14:
      segments: 20
      radius: 95
      section_segments: 12
      offset:
        x: -48
        y: -150
        z: 0
      position:
        x: [0,0,0,0,0,0,0,0,0,0,0,0,0,0,0,0,0,0,0,0,0]
        y: [0,0,0,0,0,0,0,0,0,0,0,0,0,0,0,0,0,0,0,0,0]
        z: [0,0,0,0,0,0,0,0,0,0,0,0,0,0,0,0,0,0,0,0,0]
      width: [20,20,20,20,20,20,20,20,20,20,20,20,20,20,20,20,20,20,20,20,20]
      height: [8,8,8,8,8,8,8,8,8,8,8,8,8,8,8,8,8,8,8,8,8]
      texture: [63,63,1,10,1,1,10,1,63,63,63,63,1,10,1,1,10,1,63]
    circle15:
      segments: 20
      radius: 95
      section_segments: 12
      offset:
        x: -58
        y: -180
        z: 0
      position:
        x: [0,0,0,0,0,0,0,0,0,0,0,0,0,0,0,0,0,0,0,0,0]
        y: [0,0,0,0,0,0,0,0,0,0,0,0,0,0,0,0,0,0,0,0,0]
        z: [0,0,0,0,0,0,0,0,0,0,0,0,0,0,0,0,0,0,0,0,0]
      width: [20,20,20,20,20,20,20,20,20,20,20,20,20,20,20,20,20,20,20,20,20]
      height: [8,8,8,8,8,8,8,8,8,8,8,8,8,8,8,8,8,8,8,8,8]
      texture: [63,63,1,10,1,1,10,1,63,63,63,63,1,10,1,1,10,1,63]
    circle16:
      segments: 20
      radius: 95
      section_segments: 12
      offset:
        x: -68
        y: -210
        z: 0
      position:
        x: [0,0,0,0,0,0,0,0,0,0,0,0,0,0,0,0,0,0,0,0,0]
        y: [0,0,0,0,0,0,0,0,0,0,0,0,0,0,0,0,0,0,0,0,0]
        z: [0,0,0,0,0,0,0,0,0,0,0,0,0,0,0,0,0,0,0,0,0]
      width: [20,20,20,20,20,20,20,20,20,20,20,20,20,20,20,20,20,20,20,20,20]
      height: [8,8,8,8,8,8,8,8,8,8,8,8,8,8,8,8,8,8,8,8,8]
      texture: [63,63,1,10,1,1,10,1,63,63,63,63,1,10,1,1,10,1,63]
    circle17:
      segments: 20
      radius: 95
      section_segments: 12
      offset:
        x: -78
        y: -240
        z: 0
      position:
        x: [0,0,0,0,0,0,0,0,0,0,0,0,0,0,0,0,0,0,0,0,0]
        y: [0,0,0,0,0,0,0,0,0,0,0,0,0,0,0,0,0,0,0,0,0]
        z: [0,0,0,0,0,0,0,0,0,0,0,0,0,0,0,0,0,0,0,0,0]
      width: [20,20,20,20,20,20,20,20,20,20,20,20,20,20,20,20,20,20,20,20,20]
      height: [8,8,8,8,8,8,8,8,8,8,8,8,8,8,8,8,8,8,8,8,8]
      texture: [63,63,1,10,1,1,10,1,63,63,63,63,1,10,1,1,10,1,63]
  bodies:
    cockpit:
      section_segments: 12
      offset:
        x: 0
        y: -255
        z: 0
      position:
        x: [0,0,0,0,0,0,0]
        y: [-20,-8,0]
        z: [0,0,0]
      width: [0,20,20]
      height: [0,20,20]
      texture: 9
    propellers1:
      section_segments: 12
      offset:
        x: 0
        y: 250
        z: 0
      position:
        x: [0,0,0,0,0,0,0,0,0]
        y: [-10,-10,-5,-2.5,0,2.5,5,10,5]
        z: [0,0,0,0,0,0,0,0,0]
      width: [0,20,20,20,20,20,20,20,0]
      height: [0,20,20,20,20,20,20,20,0]
      texture: [2,1,1,1,1,1,63,17]
      propeller: true
    propellers2:
      section_segments: 12
      offset:
        x: 40
        y: 50
        z: 90
      position:
        x: [0,0,0,0,0,0,0,0,0]
        y: [-50,-50,-25,-12.5,0,12.5,25,50,40]
        z: [-20,-20,-10,-5,-2.5,0,0,0,0]
      width: [0,20,20,20,20,20,20,20,0]
      height: [0,20,20,20,20,20,20,20,0]
      texture: [2,1,1,1,1,1,63,17]
      propeller: true
    propellers3:
      section_segments: 12
      offset:
        x: 90
        y: 50
        z: 90
      position:
        x: [-20,-20,-10,-5,-2.5,0,0,0,0]
        y: [-50,-50,-25,-12.5,0,12.5,25,50,40]
        z: [-45,-45,-22.5,-11.25,-5.625,-2.8125,-1.40625,0,0]
      width: [0,20,20,20,20,20,20,20,0]
      height: [0,20,20,20,20,20,20,20,0]
      texture: [2,1,1,1,1,1,63,17]
      propeller: true
    guns1:
      section_segments: 12
      offset:
        x: 40
        y: -50
        z: 90
      position:
        x: [0,0,0,0,0,0,0,0,0]
        y: [-40,-50,-25,-12.5,0,12.5,25,50,50]
        z: [0,0,0,0,-2.5,-5,-10,-20,-20]
      width: [0,20,20,20,20,20,20,20,0]
      height: [0,20,20,20,20,20,20,20,0]
      texture: [2,63,43,43,43,43,43,2]
      laser:
        damage: [10,13]
        rate: 8
        type: 1
        speed: [155,205]
        number: 1
    guns2:
      section_segments: 12
      offset:
        x: 90
        y: -50
        z: 90
      position:
        x: [0,0,0,0,-2.5,-5,-10,-20,-20]
        y: [-40,-50,-25,-12.5,0,12.5,25,50,50]
        z: [0,0,-1.40625,-2.8125,-5.625,-11.25,-22.5,-45,-45]
      width: [0,20,20,20,20,20,20,20,0]
      height: [0,20,20,20,20,20,20,20,0]
      texture: [2,63,43,43,43,43,43,2]
      laser:
        damage: [10,13]
        rate: 8
        type: 1
        speed: [155,205]
        number: 1